 0.00000000d+00  3.70000000d+00  3.75263158d+00  3.80526316d+00  3.85789474d+00  3.91052632d+00  3.96315789d+00  4.01578947d+00  4.06842105d+00  4.12105263d+00  4.17368421d+00  4.22631579d+00  4.27894737d+00  4.33157895d+00  4.38421053d+00  4.43684211d+00  4.48947368d+00  4.54210526d+00  4.59473684d+00  4.64736842d+00  4.70000000d+00
-2.00000000d+01  7.07000000d-01  6.86800000d-01  6.56500000d-01  6.26200000d-01  6.06000000d-01  5.85800000d-01  5.85800000d-01  5.85800000d-01  5.85800000d-01  5.95900000d-01  6.06000000d-01  6.16100000d-01  6.26200000d-01  6.26200000d-01  6.36300000d-01  6.36300000d-01  6.36300000d-01  6.36300000d-01  6.36300000d-01  6.26200000d-01
-1.94736842d+01  4.24200000d-01  5.35300000d-01  6.26200000d-01  6.56500000d-01  6.46400000d-01  6.36300000d-01  6.26200000d-01  6.06000000d-01  5.85800000d-01  5.75700000d-01  5.65600000d-01  5.65600000d-01  5.75700000d-01  5.85800000d-01  5.85800000d-01  5.95900000d-01  5.95900000d-01  5.95900000d-01  6.06000000d-01  6.06000000d-01
-1.89473684d+01  5.15100000d-01  4.74700000d-01  4.34300000d-01  4.24200000d-01  4.54500000d-01  5.45400000d-01  6.06000000d-01  6.26200000d-01  6.16100000d-01  6.06000000d-01  5.95900000d-01  5.75700000d-01  5.55500000d-01  5.45400000d-01  5.35300000d-01  5.35300000d-01  5.35300000d-01  5.45400000d-01  5.55500000d-01  5.55500000d-01
-1.84210526d+01  6.16100000d-01  5.95900000d-01  5.65600000d-01  5.25200000d-01  4.94900000d-01  4.54500000d-01  4.34300000d-01  4.44400000d-01  4.94900000d-01  5.65600000d-01  5.85800000d-01  5.95900000d-01  5.75700000d-01  5.55500000d-01  5.25200000d-01  4.94900000d-01  4.74700000d-01  4.74700000d-01  4.74700000d-01  4.74700000d-01
-1.78947368d+01  5.65600000d-01  5.75700000d-01  5.75700000d-01  5.75700000d-01  5.65600000d-01  5.45400000d-01  5.15100000d-01  4.84800000d-01  4.54500000d-01  4.34300000d-01  4.34300000d-01  4.74700000d-01  5.15100000d-01  5.35300000d-01  5.25200000d-01  5.05000000d-01  4.64600000d-01  4.44400000d-01  4.34300000d-01  4.44400000d-01
-1.73684211d+01  5.25200000d-01  4.94900000d-01  4.94900000d-01  5.05000000d-01  5.25200000d-01  5.35300000d-01  5.35300000d-01  5.35300000d-01  5.15100000d-01  4.94900000d-01  4.74700000d-01  4.44400000d-01  4.34300000d-01  4.34300000d-01  4.44400000d-01  4.44400000d-01  4.44400000d-01  4.34300000d-01  4.34300000d-01  4.34300000d-01
-1.68421053d+01  6.46400000d-01  6.06000000d-01  5.65600000d-01  5.35300000d-01  5.05000000d-01  4.84800000d-01  4.84800000d-01  4.94900000d-01  5.05000000d-01  5.05000000d-01  5.05000000d-01  4.94900000d-01  4.74700000d-01  4.54500000d-01  4.44400000d-01  4.34300000d-01  4.24200000d-01  4.24200000d-01  4.24200000d-01  4.34300000d-01
-1.63157895d+01  7.77700000d-01  7.47400000d-01  7.07000000d-01  6.56500000d-01  6.16100000d-01  5.75700000d-01  5.35300000d-01  5.15100000d-01  4.94900000d-01  4.84800000d-01  4.84800000d-01  4.94900000d-01  4.94900000d-01  4.94900000d-01  4.74700000d-01  4.64600000d-01  4.44400000d-01  4.34300000d-01  4.24200000d-01  4.24200000d-01
-1.57894737d+01  8.08000000d-01  8.08000000d-01  7.87800000d-01  7.67600000d-01  7.37300000d-01  6.96900000d-01  6.56500000d-01  6.06000000d-01  5.65600000d-01  5.35300000d-01  5.15100000d-01  4.94900000d-01  4.84800000d-01  4.94900000d-01  4.94900000d-01  4.94900000d-01  4.84800000d-01  4.74700000d-01  4.54500000d-01  4.44400000d-01
-1.52631579d+01  7.67600000d-01  7.47400000d-01  7.47400000d-01  7.47400000d-01  7.47400000d-01  7.47400000d-01  7.27200000d-01  7.07000000d-01  6.66600000d-01  6.26200000d-01  5.85800000d-01  5.55500000d-01  5.25200000d-01  5.05000000d-01  5.05000000d-01  5.05000000d-01  5.05000000d-01  4.94900000d-01  4.84800000d-01  4.74700000d-01
-1.47368421d+01  8.18100000d-01  7.97900000d-01  7.67600000d-01  7.47400000d-01  7.17100000d-01  6.96900000d-01  6.96900000d-01  6.96900000d-01  6.96900000d-01  6.86800000d-01  6.66600000d-01  6.36300000d-01  5.95900000d-01  5.65600000d-01  5.35300000d-01  5.25200000d-01  5.15100000d-01  5.15100000d-01  5.15100000d-01  5.05000000d-01
-1.42105263d+01  8.28200000d-01  8.18100000d-01  8.08000000d-01  7.87800000d-01  7.67600000d-01  7.47400000d-01  7.17100000d-01  6.96900000d-01  6.66600000d-01  6.66600000d-01  6.56500000d-01  6.56500000d-01  6.46400000d-01  6.26200000d-01  5.95900000d-01  5.65600000d-01  5.45400000d-01  5.25200000d-01  5.25200000d-01  5.25200000d-01
-1.36842105d+01  8.28200000d-01  8.18100000d-01  8.08000000d-01  7.97900000d-01  7.87800000d-01  7.67600000d-01  7.57500000d-01  7.37300000d-01  7.17100000d-01  6.86800000d-01  6.66600000d-01  6.46400000d-01  6.36300000d-01  6.36300000d-01  6.26200000d-01  6.16100000d-01  5.85800000d-01  5.65600000d-01  5.45400000d-01  5.35300000d-01
-1.31578947d+01  8.38300000d-01  8.28200000d-01  8.28200000d-01  8.18100000d-01  7.97900000d-01  7.77700000d-01  7.67600000d-01  7.57500000d-01  7.37300000d-01  7.17100000d-01  6.96900000d-01  6.76700000d-01  6.56500000d-01  6.36300000d-01  6.26200000d-01  6.16100000d-01  6.06000000d-01  5.95900000d-01  5.75700000d-01  5.55500000d-01
-1.26315789d+01  8.38300000d-01  8.28200000d-01  8.18100000d-01  8.18100000d-01  8.08000000d-01  8.08000000d-01  7.97900000d-01  7.77700000d-01  7.57500000d-01  7.37300000d-01  7.17100000d-01  7.07000000d-01  6.86800000d-01  6.66600000d-01  6.46400000d-01  6.26200000d-01  6.06000000d-01  5.95900000d-01  5.85800000d-01  5.75700000d-01
-1.21052632d+01  8.58500000d-01  8.68600000d-01  8.58500000d-01  8.38300000d-01  8.18100000d-01  7.97900000d-01  7.87800000d-01  7.87800000d-01  7.77700000d-01  7.67600000d-01  7.47400000d-01  7.27200000d-01  7.07000000d-01  6.86800000d-01  6.66600000d-01  6.46400000d-01  6.26200000d-01  6.06000000d-01  5.95900000d-01  5.85800000d-01
-1.15789474d+01  8.38300000d-01  8.38300000d-01  8.28200000d-01  8.28200000d-01  8.38300000d-01  8.38300000d-01  8.18100000d-01  7.97900000d-01  7.77700000d-01  7.67600000d-01  7.57500000d-01  7.47400000d-01  7.27200000d-01  7.07000000d-01  6.86800000d-01  6.66600000d-01  6.46400000d-01  6.26200000d-01  6.06000000d-01  5.85800000d-01
-1.10526316d+01  8.88800000d-01  8.58500000d-01  8.38300000d-01  8.28200000d-01  8.18100000d-01  8.18100000d-01  8.08000000d-01  8.08000000d-01  8.08000000d-01  7.87800000d-01  7.67600000d-01  7.47400000d-01  7.37300000d-01  7.17100000d-01  7.07000000d-01  6.86800000d-01  6.66600000d-01  6.36300000d-01  6.16100000d-01  5.95900000d-01
-1.05263158d+01  9.39300000d-01  9.29200000d-01  9.09000000d-01  8.98900000d-01  8.68600000d-01  8.38300000d-01  8.18100000d-01  8.08000000d-01  7.97900000d-01  7.87800000d-01  7.77700000d-01  7.67600000d-01  7.57500000d-01  7.27200000d-01  7.07000000d-01  6.86800000d-01  6.66600000d-01  6.56500000d-01  6.36300000d-01  6.06000000d-01
-1.00000000d+01  9.59500000d-01  9.79700000d-01  9.89800000d-01  9.59500000d-01  9.29200000d-01  9.09000000d-01  8.98900000d-01  8.68600000d-01  8.38300000d-01  8.08000000d-01  7.87800000d-01  7.67600000d-01  7.57500000d-01  7.37300000d-01  7.27200000d-01  7.07000000d-01  6.76700000d-01  6.56500000d-01  6.36300000d-01  6.16100000d-01
