 6.66666660d+00  3.70000000d+00  3.75263158d+00  3.80526316d+00  3.85789474d+00  3.91052632d+00  3.96315789d+00  4.01578947d+00  4.06842105d+00  4.12105263d+00  4.17368421d+00  4.22631579d+00  4.27894737d+00  4.33157895d+00  4.38421053d+00  4.43684211d+00  4.48947368d+00  4.54210526d+00  4.59473684d+00  4.64736842d+00  4.70000000d+00
-2.00000000d+01  6.48117554d-01  6.53409325d-01  6.54380982d-01  6.56057055d-01  6.66464070d-01  5.92975001d-01  5.83544666d-01  6.97253091d-01  6.98120388d-01  7.02979188d-01  7.02422273d-01  7.03806668d-01  7.03355105d-01  6.93052572d-01  6.92104909d-01  6.90404403d-01  9.99990000d+99  9.99990000d+99  9.99990000d+99  9.99990000d+99
-1.94736842d+01  9.99990000d+99  9.99990000d+99  6.41656725d-01  6.50165606d-01  6.61190285d-01  6.67979182d-01  6.74725609d-01  6.66093356d-01  6.95339765d-01  6.78344712d-01  6.78627357d-01  7.14253788d-01  6.90259677d-01  6.79366571d-01  6.76349137d-01  6.66666667d-01  6.66666667d-01  6.66666667d-01  9.99990000d+99  9.99990000d+99
-1.89473684d+01  5.36953022d-01  5.57700295d-01  5.67540217d-01  5.94442528d-01  6.19170667d-01  6.35301484d-01  6.54404566d-01  6.70764272d-01  6.80858610d-01  6.93235566d-01  6.47392340d-01  6.53554816d-01  6.69012266d-01  6.59508803d-01  6.66666667d-01  6.66666667d-01  6.66666667d-01  6.66666667d-01  6.66666667d-01  9.99990000d+99
-1.84210526d+01  4.57742732d-01  4.48149570d-01  4.67026851d-01  5.13998852d-01  5.24380930d-01  5.46574975d-01  5.86598020d-01  6.13593463d-01  6.37508057d-01  6.63566937d-01  6.78893198d-01  6.91595071d-01  6.41354424d-01  6.98609616d-01  6.49717177d-01  6.49485365d-01  9.99990000d+99  9.99990000d+99  9.99990000d+99  9.99990000d+99
-1.78947368d+01  4.93709187d-01  5.01342374d-01  4.97003136d-01  4.86802835d-01  4.81116120d-01  4.97772477d-01  5.14814056d-01  5.27787603d-01  5.60576114d-01  5.93686526d-01  6.21438499d-01  6.49402066d-01  6.00378650d-01  6.81802857d-01  5.89609684d-01  5.95993885d-01  6.36107047d-01  9.99990000d+99  9.99990000d+99  9.99990000d+99
-1.73684211d+01  4.79692587d-01  5.06838841d-01  5.23374982d-01  5.34324308d-01  5.40648338d-01  5.37908819d-01  5.28298246d-01  5.23616707d-01  5.26868491d-01  5.34555134d-01  5.55471705d-01  5.81915697d-01  6.07730484d-01  5.73422336d-01  6.52539803d-01  6.69012535d-01  6.83079577d-01  5.90703357d-01  9.99990000d+99  9.99990000d+99
-1.68421053d+01  9.99990000d+99  6.72549660d-01  5.50576048d-01  5.00058168d-01  5.32085158d-01  5.60718706d-01  5.76294564d-01  5.81621493d-01  5.75814114d-01  5.65109167d-01  5.59246854d-01  5.61143859d-01  5.70726873d-01  5.84265266d-01  6.02979794d-01  4.63383285d-01  5.70780362d-01  6.56151665d-01  5.76583228d-01  5.96392657d-01
-1.63157895d+01  7.69041896d-01  9.99990000d+99  7.41186783d-01  6.55750744d-01  6.03490575d-01  5.63313878d-01  5.24479380d-01  5.64778623d-01  5.96086545d-01  4.86465223d-01  6.12825313d-01  6.03809991d-01  5.95403385d-01  5.92491680d-01  5.92722276d-01  5.97837775d-01  6.08656176d-01  5.63517249d-01  5.54844178d-01  5.66138505d-01
-1.57894737d+01  9.99990000d+99  9.99990000d+99  7.55186968d-01  9.99990000d+99  9.99990000d+99  9.99990000d+99  6.49332596d-01  5.98787292d-01  5.55237057d-01  5.73037834d-01  5.99141073d-01  6.27770908d-01  6.39142344d-01  6.35608892d-01  6.27770648d-01  6.20323035d-01  6.13267050d-01  6.11844016d-01  6.16599628d-01  5.56938343d-01
-1.52631579d+01  7.86434955d-01  7.73572257d-01  7.63574466d-01  7.53771212d-01  9.99990000d+99  9.99990000d+99  9.99990000d+99  6.93304619d-01  6.33902356d-01  6.31695473d-01  6.39177961d-01  5.88179375d-01  5.96782518d-01  6.32981307d-01  6.53006821d-01  6.54969132d-01  5.68309357d-01  5.32865948d-01  6.25816697d-01  5.40711089d-01
-1.47368421d+01  9.99990000d+99  8.05356956d-01  7.90581813d-01  7.64946187d-01  7.35148299d-01  7.01897514d-01  6.87248029d-01  6.74953355d-01  6.64686515d-01  6.51747040d-01  6.59008128d-01  6.36028336d-01  6.25750502d-01  5.59731553d-01  5.98479241d-01  5.55522304d-01  6.56449226d-01  6.59400183d-01  6.50576553d-01  6.37495825d-01
-1.42105263d+01  7.63508797d-01  7.82913427d-01  7.88882966d-01  7.93827329d-01  7.86254562d-01  9.99990000d+99  7.30729752d-01  6.81123879d-01  6.88956896d-01  6.70058964d-01  6.74685717d-01  6.47031698d-01  6.55626451d-01  6.48376978d-01  5.71902159d-01  5.84234641d-01  6.06593929d-01  6.37075224d-01  6.52454526d-01  5.70025657d-01
-1.36842105d+01  7.71511941d-01  7.44512403d-01  6.94022623d-01  6.92317234d-01  7.22853139d-01  7.30076109d-01  7.49460000d-01  7.39694141d-01  7.10712412d-01  6.97236532d-01  6.28842024d-01  6.57001685d-01  6.66666667d-01  6.39111709d-01  6.08978283d-01  6.11082319d-01  5.89756389d-01  5.88444179d-01  5.51261306d-01  5.42897144d-01
-1.31578947d+01  7.92584491d-01  7.91637912d-01  7.82060492d-01  7.58940630d-01  7.26710195d-01  7.00285043d-01  6.94816716d-01  6.86449638d-01  6.72095486d-01  6.69666609d-01  6.93671481d-01  6.52939157d-01  6.57631268d-01  6.42608956d-01  6.25141854d-01  6.05250285d-01  6.00387533d-01  5.93352116d-01  5.87810787d-01  5.81220290d-01
-1.26315789d+01  7.92104381d-01  7.84959152d-01  7.78360154d-01  7.73098168d-01  7.64701579d-01  7.56882974d-01  7.40621688d-01  6.87292234d-01  6.68487541d-01  6.64257675d-01  6.36524202d-01  6.55129886d-01  6.50548446d-01  6.50833522d-01  6.25695497d-01  6.19986758d-01  6.10516388d-01  5.95021043d-01  6.10051585d-01  5.65914335d-01
-1.21052632d+01  9.99990000d+99  9.99990000d+99  9.99990000d+99  7.75442571d-01  7.65318896d-01  7.57501377d-01  7.50147626d-01  7.42776119d-01  7.27632984d-01  6.83867623d-01  6.89331253d-01  6.24458680d-01  6.36134640d-01  6.66666667d-01  6.21457824d-01  5.91553969d-01  6.07068746d-01  6.02986960d-01  6.05880785d-01  5.67817264d-01
-1.15789474d+01  9.99990000d+99  9.99990000d+99  9.99990000d+99  9.99990000d+99  7.85145695d-01  7.76770911d-01  7.63859222d-01  7.48703364d-01  7.34431277d-01  7.19824401d-01  7.02799751d-01  6.94534589d-01  6.69296823d-01  6.54868783d-01  6.39810196d-01  5.91174426d-01  6.00662186d-01  5.96484607d-01  5.92814993d-01  6.05831134d-01
-1.10526316d+01  7.74563191d-01  7.94727201d-01  8.07409939d-01  9.99990000d+99  9.99990000d+99  7.80958564d-01  7.73181799d-01  7.66074943d-01  7.55651313d-01  7.38739737d-01  7.17910535d-01  7.05911051d-01  6.84726561d-01  6.31386191d-01  6.09741425d-01  6.38364788d-01  6.13256901d-01  5.84250795d-01  5.83526534d-01  5.98424514d-01
-1.05263158d+01  7.74296662d-01  8.01571956d-01  7.93959793d-01  7.76288248d-01  7.83858394d-01  7.82184955d-01  7.81617095d-01  7.68082702d-01  7.59095843d-01  7.49183649d-01  7.38242181d-01  7.20639257d-01  6.86275432d-01  6.79553419d-01  6.66343658d-01  6.66666667d-01  6.08615879d-01  5.83842304d-01  5.89055520d-01  5.89695151d-01
-1.00000000d+01  8.87085427d-01  8.50984479d-01  8.04007994d-01  7.80360718d-01  8.53826888d-01  7.58662467d-01  7.81077080d-01  7.49178566d-01  7.54528450d-01  7.56381753d-01  7.39370795d-01  7.25611671d-01  7.09798745d-01  7.12092729d-01  6.74445666d-01  6.98559052d-01  6.41080407d-01  6.13549610d-01  5.89287791d-01  5.80320563d-01
