   0.0000000000000000        3.7000000000000002        3.7526315789473688        3.8052631578947369        3.8578947368421055        3.9105263157894736        3.9631578947368422        4.0157894736842108        4.0684210526315789        4.1210526315789480        4.1736842105263161        4.2263157894736842        4.2789473684210524        4.3315789473684214        4.3842105263157896        4.4368421052631577        4.4894736842105267        4.5421052631578949        4.5947368421052630        4.6473684210526320        4.7000000000000002     
  -20.000000000000000       0.28107306018992922       0.28114861331240498       0.28240013381670709       0.30627758021806456       0.30930384446742232       0.30937435933038943       0.30950443923680349       0.30953186149776263       0.30963450955221233       0.31740689425426066       0.33736577095553211       0.33796405878974861       0.33804696657503358       0.33816006392942172       0.33820502124160329       0.33832396914489304       0.33839341998784550       0.33853167576142362       0.33858280327718243       0.33860343302579954
  -19.473684210526315       0.28091429418874331       0.28113998662631329       0.28154483106286743       0.30128431836004915       0.30922642456442379       0.30935826939204142       0.30948953142506141       0.30952486010691577       0.30957976432814283       0.31254656847356577       0.33622023639829290       0.33793297056659355       0.33801367155405193       0.33815174881330062       0.33819171697475109       0.33828139922231409       0.33837963317346265       0.33849967656726876       0.33857130874657287       0.33859943498899070
  -18.947368421052630       0.28039246029330239       0.28112586521932131       0.28127480210509770       0.29338528826080096       0.30897803555435149       0.30934484482547647       0.30945717912625781       0.30951715921679801       0.30955209723332272       0.31057252646016320       0.33302251879639422       0.33785705774104152       0.33799214427919722       0.33813303195999628       0.33817858888489860       0.33824455883342930       0.33836834464190202       0.33845490158223285       0.33855956891380795       0.33859543647573037
  -18.421052631578949       0.27867915508186608       0.28108383574638540       0.28118650858628941       0.28650475053380542       0.30818394935131666       0.30932388343064082       0.30941320893138874       0.30951100600865766       0.30953976606937605       0.30990665063420736       0.32641299914176325       0.33767036594866878       0.33797677180688446       0.33809607972710803       0.33816811980151967       0.33822251899438927       0.33835493776390596       0.33841912542680302       0.33854857634735241       0.33859085619849089
  -17.894736842105264       0.27322303022724426       0.28094622014966020       0.28115149922606514       0.28302046722081659       0.30585404838586749       0.30927448634064109       0.30937840339380346       0.30950318392353587       0.30953264768971428       0.30968332603335774       0.31835796359791207       0.33713236252852119       0.33795498845471333       0.33805080731896864       0.33815977670509051       0.33820727745451001       0.33832869918247388       0.33839711371658965       0.33853169109413150       0.33858296501641888
  -17.368421052631579       0.25754295551495338       0.28049172463086053       0.28112505343793986       0.28174479858601520       0.30042267133703882       0.30912705519873918       0.30935566140323018       0.30948541771647670       0.30952481105904411       0.30959532494315339       0.31300175034570377       0.33551167840194224       0.33790125045628028       0.33801484440418511       0.33814790758471458       0.33819246692537597       0.33828649370104169       0.33838072746964099       0.33849841458365187       0.33857117957568356
  -16.842105263157894       0.22218653448340744       0.27899650601205139       0.28106811480202204       0.28133225394186223       0.29239217570919324       0.30865422747307014       0.30933215034563788       0.30944932965631666       0.30951629187088259       0.30955662964541630       0.31073086636632707       0.33130299170384386       0.33775751937619530       0.33798871520531781       0.33812285027038042       0.33817820969263518       0.33824682164169811       0.33836678819753158       0.33845273820389893       0.33855831376928014
  -16.315789473684212       0.16797757093877602       0.27420682714814437       0.28088849627648177       0.28119319071133464       0.28589841857917381       0.30719627107475783       0.30928393794705922       0.30940365366316341       0.30950808188119611       0.30954007141751988       0.30994999146322877       0.32378159319120231       0.33735487852751145       0.33796211187177089       0.33808010249067133       0.33816605968689389       0.33822120822964036       0.33834870439319126       0.33841612886831129       0.33854376029469407
  -15.789473684210527       0.11205263657120358       0.26019711883257196       0.28029556850539294       0.28112059458271826       0.28277676655363959       0.30333284362387963       0.30914656276290403       0.30936651735605059       0.30949455624741107       0.30953028635316326       0.30968794140369699       0.31625124419588890       0.33615021820747126       0.33790719199194491       0.33803505948127466       0.33815364923937152       0.33820280585998275       0.33831542095687284       0.33839244943169822       0.33851886660168024
  -15.263157894736842        6.8566494729018393d-002  0.22742973808354952       0.27834949255657421       0.28100678365903320       0.28165523848319635       0.29611236734739610       0.30871191567185108       0.30933181138192672       0.30946516440537308       0.30952044183277505       0.30959014475187463       0.31201821840843752       0.33283346374666334       0.33775454457080495       0.33799809850860735       0.33813194697916810       0.33818609109759518       0.33827049613909987       0.33837431618015845       0.33847653064810090
  -14.736842105263158        3.9868462649877541d-002  0.17470093773567025       0.27219409566469732       0.28066876301964933       0.28127525583807667       0.28840537416343709       0.30736667823249286       0.30926613787590573       0.30941806217275430       0.30951007322746737       0.30955165983775657       0.31037612574235318       0.32609611891123830       0.33731145548936431       0.33795824025535215       0.33809195977394779       0.33817065575413363       0.33823389753229344       0.33835569482519762       0.33843171385644755
  -14.210526315789473        2.2546659263109090d-002  0.11802113321402799       0.25482599328767036       0.27956198690004525       0.28108506237085140       0.28382542744858502       0.30374217486469224       0.30907904228921995       0.30936878783815658       0.30949501400763052       0.30953451216645150       0.30982282005512990       0.31807792987782979       0.33599423140703188       0.33787731522569153       0.33804227821041877       0.33815483561645837       0.33820909840277136       0.33832540235044306       0.33840023828586974
  -13.684210526315789        1.2559455881057866d-002   7.2792077302494596d-002  0.21705107828636866       0.27597970277861539       0.28079119207319120       0.28198579361717585       0.29672918897222489       0.30849123132853079       0.30931272351542932       0.30946387584569379       0.30952175959083822       0.30963325456515695       0.31285739516671279       0.33243522744247739       0.33764764888478471       0.33799373669791211       0.33812981132320208       0.33818907986423830       0.33828039453458486       0.33837746568464155
  -13.157894736842106        6.9451092657233033d-003   4.2514579497708913d-002  0.16169366462417198       0.26515494938973899       0.27992191957656987       0.28130507662092169       0.28888489772532672       0.30671683819540840       0.30919289661214561       0.30941122506487706       0.30950797871394131       0.30956457405352938       0.31066584323617735       0.32545411167656946       0.33696194191864021       0.33792611559488134       0.33808549328463966       0.33817038793021614       0.33823861204488620       0.33835488283652060
  -12.631578947368421        3.8303173779839291d-003   2.4101951857702045d-002  0.10664890456792768       0.23792956628154618       0.27711590531815627       0.28085039929580474       0.28401623199201625       0.30223092884234115       0.30883706669651656       0.30934433407095041       0.30948616522126093       0.30953655075868614       0.30990941094165525       0.31753499012927833       0.33496268959846520       0.33776377543336272       0.33802734377319843       0.33814883537911411       0.33820873812427893       0.33832067420664791
  -12.105263157894736        2.1131570243523318d-003   1.3441486388121149d-002   6.4807123033828795d-002  0.18928126327035505       0.26845922916363490       0.27990914719346627       0.28194747525502439       0.29456284874727401       0.30773468653015834       0.30923346454386125       0.30944207047338512       0.30951799078769776       0.30965605509585592       0.31259309241821681       0.33006813076887814       0.33728321436827469       0.33795236558099523       0.33811297493370890       0.33818486813598014       0.33827325324053947
  -11.578947368421053        1.1693999616902700d-003   7.4349784589775089d-003   3.7534764986410542d-002  0.13173051238010838       0.24552704632763797       0.27701012772468964       0.28094096399191670       0.28722048078362905       0.30465850823018509       0.30893778255517490       0.30936700057867367       0.30949581644954016       0.30956774625569122       0.31056233120982335       0.32216256578168156       0.33585338821038546       0.33779709781994505       0.33805255696349745       0.33816055885041824       0.33823029048204256
  -11.052631578947368        6.5006459203709448d-004   4.0982102785996431d-003   2.1179175761943159d-002   8.2821353560574060d-002  0.20100638683690911       0.26812524565692553       0.27957118988621360       0.28309778231404215       0.29819990210751346       0.30803119513470756       0.30923770912524851       0.30945388859636686       0.30953004058904265       0.30986561822721392       0.31514271282458872       0.33206790133149017       0.33735439805646333       0.33796160591876168       0.33812520926850737       0.33819765163475857
  -10.526315789473685        3.6448420057750322d-004   2.2574350524688612d-003   1.1781372543756132d-002   4.8927068984493581d-002  0.14363153257770034       0.24472720766607664       0.27573791801583686       0.28102245987210006       0.29004680894490142       0.30542669924487403       0.30891383398406447       0.30936863971337381       0.30949902924974004       0.30963328686896369       0.31153069607444461       0.32487797720877398       0.33603299125189595       0.33777551407938045       0.33806036489171698       0.33816724439937995
  -10.000000000000000        2.0751424231361105d-004   1.2449706781529988d-003   6.5068771507912591d-003   2.7893032616516308d-002   9.1938363974710585d-002  0.19971928655368784       0.26438169800447192       0.27862570803496473       0.28419544524162471       0.29955105934422932       0.30793960712560936       0.30919558067962460       0.30944641131512957       0.30954754798698358       0.31018096492146646       0.31706580920450556       0.33248317433201646       0.33725368662568578       0.33794195918636161       0.33812438337307898
