   0.0000000000000000        4.0000000000000000        4.0526315789473681        4.1052631578947372        4.1578947368421053        4.2105263157894735        4.2631578947368425        4.3157894736842106        4.3684210526315788        4.4210526315789469        4.4736842105263159        4.5263157894736841        4.5789473684210531        4.6315789473684212        4.6842105263157894        4.7368421052631575        4.7894736842105265        4.8421052631578947        4.8947368421052628        4.9473684210526319        5.0000000000000000     
  -16.000000000000000        9.7644321488093710E-002   9.8068731968848688E-002   9.8266610267493740E-002   9.8317900252780269E-002   9.8833958478052514E-002  0.12383908089832259       0.18961005239052239       0.19603925552406734       0.19632853891044907       0.19652380575506084       0.19659777893866986       0.19676426693801433       0.19689068662345779       0.19708377255291079       0.19718142401979957       0.19722175148584828       0.19724203295481704       0.19724435551837471       0.19724615516995442       0.19724998807873070     
  -15.526315789473685        9.6929717497228257E-002   9.8015252965396579E-002   9.8236564629976750E-002   9.8304502804470451E-002   9.8516600589974135E-002  0.10992706192879406       0.17974945680235815       0.19564082777303168       0.19627382080491326       0.19649289315779073       0.19657552044229390       0.19670190608854762       0.19686734784080331       0.19702280517485993       0.19716282189851600       0.19721418695325579       0.19723878767566494       0.19724424842075861       0.19724512964082819       0.19724968902310624     
  -15.052631578947368        9.4933339980628820E-002   9.7926692398046092E-002   9.8181027827446712E-002   9.8290815545279117E-002   9.8391851313820888E-002  0.10290725566950640       0.16189696133070255       0.19455106868053412       0.19620399304715780       0.19643784806558109       0.19655495258096362       0.19665271944856993       0.19684319379163456       0.19696087209294624       0.19714199760056603       0.19720500127502952       0.19723358116026599       0.19724396747451151       0.19724464819359952       0.19724898515103140     
  -14.578947368421053        8.9837144939972399E-002   9.7707097901697335E-002   9.8108281885159493E-002   9.8276273541776260E-002   9.8341846670837965E-002  0.10002125816573577       0.13945462828132296       0.19159000037278562       0.19605610413827182       0.19636662874030658       0.19653500509225319       0.19661882661352068       0.19680549477735931       0.19691634478496142       0.19711219615771597       0.19719184377213506       0.19722715420200859       0.19724318592316947       0.19724444391329815       0.19724768601401999     
  -14.105263157894736        7.9176244374172589E-002   9.7094740551763870E-002   9.8030340140269248E-002   9.8252617161300931E-002   9.8317650655681640E-002   9.8944082025132607E-002  0.11997675325119873       0.18418261082281351       0.19566034258078360       0.19629243033073929       0.19650716117340508       0.19659137286787806       0.19674687150155812       0.19688436116966013       0.19706183322827564       0.19717378823473236       0.19721928766585553       0.19724118260809276       0.19724430824306305       0.19724617569635838     
  -13.631578947368421        6.2823936715756812E-002   9.5379656591185177E-002   9.7914417413235449E-002   9.8205223989722909E-002   9.8299236332305237E-002   9.8546616772396983E-002  0.10779582379249855       0.16920178049381140       0.19456396216603730       0.19619362494509793       0.19645708144705937       0.19656608189796129       0.19668428677401664       0.19685637096732517       0.19699535206002336       0.19715212038479335       0.19720926057382615       0.19723698095974973       0.19724407328962248       0.19724513180659353     
  -13.157894736842106        4.4849520769859333E-002   9.0914558806625315E-002   9.7642617590567943E-002   9.8126319224612846E-002   9.8280410266379917E-002   9.8397221626679646E-002  0.10197637701356695       0.14758660513637814       0.19158254939762956       0.19598664267088256       0.19637975774981681       0.19654064953856423       0.19663647315311369       0.19682126105641454       0.19693735790966907       0.19712269956139702       0.19719571484632709       0.19723036951230796       0.19724345252376718       0.19724462169773599     
  -12.684210526315789        2.9583246542870256E-002   8.1218278463929525E-002   9.6893420439435579E-002   9.8017419269003397E-002   9.8253100923819545E-002   9.8337678875775963E-002   9.9655192298235870E-002  0.12625164232813771       0.18414334183113573       0.19543588943976439       0.19627956394335105       0.19650715757785536       0.19660078544802523       0.19676658338830080       0.19689566777833423       0.19707480099214875       0.19717712213575903       0.19722160905040620       0.19724179304537204       0.19724435185930100     
  -12.210526315789474        1.8576867207557596E-002   6.5550066729543527E-002   9.4820051086281304E-002   9.7831391122433359E-002   9.8199303281565259E-002   9.8305709091988547E-002   9.8795903366782289E-002  0.11131124081722289       0.16912557677698578       0.19390747535326461       0.19611698205654890       0.19644843954284155       0.19656942586234497       0.19670001357759440       0.19686112400494274       0.19700774991127423       0.19715359165717386       0.19720991776386168       0.19723792259951994       0.19724403223401191     
  -11.736842105263158        1.1348159949956133E-002   4.7489836825702722E-002   8.9562777561225215E-002   9.7378789286677397E-002   9.8098872557115815E-002   9.8277129632851304E-002   9.8482376201453767E-002  0.10351050582255927       0.14749292387639087       0.18982256841063821       0.19573778557689983       0.19634895970574515       0.19653555524259739       0.19664309500176383       0.19682090121655424       0.19694386562511426       0.19712013358903321       0.19719391744079076       0.19723081918191315       0.19724327424685312     
  -11.263157894736842        6.8495314458723129E-003   3.1638903119693064E-002   7.8672557129037202E-002   9.6132939266001721E-002   9.7923960313611599E-002   9.8234428407830365E-002   9.8363231980669985E-002  0.10022737333290549       0.12617199154162670       0.18016222765622819       0.19470588233711453       0.19618522746858996       0.19648551071154172       0.19659882472179874       0.19676207542340959       0.19689543416096184       0.19706634286130298       0.19717249626982231       0.19722018115889325       0.19724126170826989     
  -10.789473684210527        4.1339647400945216E-003   1.9986180321521167E-002   6.2173683069608479E-002   9.2800648081104165E-002   9.7550166599040380E-002   9.8147549003676365E-002   9.8305104679395849E-002   9.8991680319449202E-002  0.11125836638217054       0.16252377075975988       0.19188408472923213       0.19583902793867772       0.19639178445642805       0.19655728136511480       0.19669183014724481       0.19685329515577904       0.19699549118826701       0.19714413926969127       0.19720511476350006       0.19723646561304353     
  -10.315789473684211        2.5256978089195515E-003   1.2245995548687640E-002   4.4235248751836126E-002   8.5032976327518939E-002   9.6567540129631535E-002   9.7968782013541436E-002   9.8252238163252140E-002   9.8542572556545166E-002  0.10347593226565964       0.14010305853849489       0.18479526567193402       0.19493266719296276       0.19621128448745676       0.19650220207325103       0.19662921209407649       0.19680176708262001       0.19693029525848099       0.19710039149649047       0.19718435166576795       0.19722718412413492     
  -9.8421052631578938        1.5842584179450486E-003   7.3980860564831922E-003   2.9111810038713225E-002   7.1088039018384105E-002   9.3916177085252475E-002   9.7579781778735095E-002   9.8160514436066840E-002   9.8368287539674956E-002  0.10019931837122605       0.12043755995419626       0.17026332183047813       0.19245479186477352       0.19582180072134478       0.19639964758707204       0.19657282544058569       0.19673116714354411       0.19687748103857527       0.19703384262261106       0.19715676069742374       0.19721226678004405     
  -9.3684210526315788        1.0411117995887040E-003   4.4607292357385165E-003   1.8255599566456050E-002   5.3242475474447520E-002   8.7462892033685832E-002   9.6588872134320963E-002   9.7956861616002144E-002   9.8268533675657313E-002   9.8965123710206007E-002  0.10801999197632624       0.14886188274865125       0.18612542691284450       0.19481891959043407       0.19617828148612224       0.19650054287054930       0.19665343935543433       0.19682295893574114       0.19695902460507916       0.19711628461981345       0.19719058650783808     
  -8.8947368421052637        7.3605632899252020E-004   2.7163754123139612E-003   1.1143008720152623E-002   3.6318103864321452E-002   7.4998623914971252E-002   9.3943531570811159E-002   9.7478496923628200E-002   9.8139676830178796E-002   9.8506007144252491E-002  0.10203321141204207       0.12729654915412164       0.17268166130693446       0.19210201161551954       0.19566001677987341       0.19636175470471945       0.19657468823749716       0.19674974630271883       0.19689332161518486       0.19705236212976684       0.19716099572392168     
  -8.4210526315789487        5.7251656586009274E-004   1.6928312171697935E-003   6.7222281298297938E-003   2.3263287987023585E-002   5.7658533816971197E-002   8.7513718537970936E-002   9.6249816444709702E-002   9.7858708249253440E-002   9.8288376824985604E-002   9.9623705891169284E-002  0.11191128516810910       0.15190819763651522       0.18524819741295342       0.19430691446443724       0.19603723316978958       0.19646403503782439       0.19665610635933833       0.19682735238784682       0.19697155516495807       0.19711766592120711     
  -7.9473684210526319        4.8820335353224676E-004   1.0998322130059413E-003   4.0549043346614268E-003   1.4362727589056188E-002   4.0119474271782189E-002   7.5080683421797315E-002   9.3027392702318301E-002   9.7161759230050701E-002   9.8062003442847379E-002   9.8706751156369080E-002  0.10374081968210852       0.12989942771889856       0.17105030652137421       0.19069512971400160       0.19521846587319452       0.19623081194862113       0.19653801432961340       0.19673763499538510       0.19689066627022464       0.19704819305642118     
  -7.4736842105263150        4.3921045183698877E-004   7.6298473979238433E-004   2.4746101921475135E-003   8.7009381582053517E-003   2.6021245010921911E-002   5.7754158483706033E-002   8.5489659082074149E-002   9.5342839132322013E-002   9.7586334088981194E-002   9.8276510379456700E-002  0.10023904835469247       0.11349182044804339       0.14981602782749867       0.18197811300949196       0.19304176511724053       0.19564405264903600       0.19633056360681311       0.19660312948565431       0.19679669213547443       0.19695227634138557     
  -7.0000000000000000        3.9590782566992255E-004   5.7722264112500276E-004   1.5481426851759849E-003   5.2393040057503830E-003   1.6178024017337148E-002   4.0203144269736549E-002   7.1788598840217016E-002   9.0727597343140232E-002   9.6373450426305102E-002   9.7825130691007442E-002   9.8836104503434191E-002  0.10443607426713057       0.12807093410756992       0.16537615041405482       0.18743484944141642       0.19409162980396119       0.19583190476214948       0.19637210382928211       0.19664376126542030       0.19683023482759554     
