 0.00000000d+00  3.70000000d+00  3.75263158d+00  3.80526316d+00  3.85789474d+00  3.91052632d+00  3.96315789d+00  4.01578947d+00  4.06842105d+00  4.12105263d+00  4.17368421d+00  4.22631579d+00  4.27894737d+00  4.33157895d+00  4.38421053d+00  4.43684211d+00  4.48947368d+00  4.54210526d+00  4.59473684d+00  4.64736842d+00  4.70000000d+00
-2.00000000d+01  3.86522116d+00  1.28890361d+01  4.29800121d+01  1.43321923d+02  4.21939808d+02  9.68215306d+02  1.40700809d+03  1.96148581d+03  2.97129582d+03  4.14223247d+03  6.27473213d+03  9.50508296d+03  1.43984795d+04  2.68446481d+04  4.23891306d+04  7.58157646d+04  1.35601511d+05  2.32666291d+05  3.82971391d+05  7.44292233d+05
-1.94736842d+01  1.16448062d+02  7.20635132d+00  2.34823460d+00  3.41244871d+00  1.00462506d+01  3.21376434d+01  9.07644607d+01  2.78541416d+02  7.86668179d+02  1.66127252d+03  3.36553498d+03  6.27473213d+03  9.90813657d+03  1.50090328d+04  2.79829688d+04  4.23891306d+04  7.58157646d+04  1.35601511d+05  1.97055780d+05  3.38110078d+05
-1.89473684d+01  1.52886359d+03  1.46667087d+03  1.24219100d+03  4.58482375d+02  7.68725952d+01  1.00462506d+01  5.85511016d+00  1.04722519d+01  3.35004083d+01  1.02807322d+02  3.28877429d+02  1.14318425d+03  4.14223247d+03  1.27118400d+04  3.74236629d+04  8.23818733d+04  1.66895601d+05  2.52816614d+05  3.67392478d+05  6.57105755d+05
-1.84210526d+01  7.23968114d+02  9.68215306d+02  1.29486487d+03  1.73171713d+03  1.59369353d+03  1.46667087d+03  7.86668179d+02  2.17106760d+02  4.29800121d+01  1.65362441d+01  2.72188479d+01  7.07455942d+01  3.15499006d+02  1.59369353d+03  1.16986641d+04  9.33125118d+04  5.56533078d+05  1.50784505d+06  3.46001639d+06  7.30680395d+06
-1.78947368d+01  5.64290847d+02  6.66265452d+02  7.86668179d+02  8.91045332d+02  1.14318425d+03  1.52886359d+03  2.04466067d+03  2.22174078d+03  1.88169442d+03  1.19165984d+03  4.98189752d+02  1.55734477d+02  1.21385926d+02  2.56340741d+02  1.19165984d+03  8.74749630d+03  1.41351558d+05  1.50784505d+06  8.62723729d+06  1.89914058d+07
-1.73684211d+01  2.85042632d+03  2.41415712d+03  1.59369353d+03  1.24219100d+03  1.00927151d+03  1.05206867d+03  1.19165984d+03  1.34977233d+03  2.04466067d+03  2.51652705d+03  2.41415712d+03  2.41415712d+03  1.66127252d+03  1.29486487d+03  1.80514888d+03  5.77461515d+03  2.79829688d+04  2.32666291d+05  1.63843365d+06  9.77192128d+06
-1.68421053d+01  4.50097513d+03  5.09817606d+03  5.31435916d+03  4.50097513d+03  3.65701088d+03  2.97129582d+03  2.13136247d+03  1.66127252d+03  1.46667087d+03  1.66127252d+03  1.88169442d+03  2.31595149d+03  2.97129582d+03  3.22862820d+03  3.09729067d+03  4.50097513d+03  1.38127630d+04  5.66900727d+04  2.98503825d+05  1.38766479d+06
-1.63157895d+01  1.73171713d+03  2.22174078d+03  2.85042632d+03  4.14223247d+03  4.69183451d+03  5.09817606d+03  5.31435916d+03  3.81208280d+03  3.09729067d+03  2.51652705d+03  2.13136247d+03  1.73171713d+03  1.80514888d+03  1.96148581d+03  2.97129582d+03  3.36553498d+03  6.01948197d+03  1.50090328d+04  6.69346971d+04  3.24356081d+05
-1.57894737d+01  2.73447368d+03  1.73171713d+03  1.59369353d+03  1.73171713d+03  2.13136247d+03  2.85042632d+03  3.65701088d+03  4.89078709d+03  5.53970928d+03  4.89078709d+03  3.65701088d+03  3.09729067d+03  2.62323788d+03  1.80514888d+03  1.73171713d+03  1.80514888d+03  2.41415712d+03  3.81208280d+03  1.12227736d+04  4.41865996d+04
-1.52631579d+01  6.27473213d+03  6.54080591d+03  5.31435916d+03  4.31787973d+03  3.22862820d+03  2.31595149d+03  2.22174078d+03  2.41415712d+03  3.22862820d+03  4.31787973d+03  5.09817606d+03  4.89078709d+03  4.31787973d+03  3.36553498d+03  2.13136247d+03  1.59369353d+03  1.46667087d+03  1.80514888d+03  2.97129582d+03  7.10727970d+03
-1.47368421d+01  4.50097513d+03  4.89078709d+03  5.53970928d+03  5.53970928d+03  6.27473213d+03  6.27473213d+03  4.89078709d+03  3.97373038d+03  3.09729067d+03  2.73447368d+03  2.85042632d+03  3.36553498d+03  4.31787973d+03  4.50097513d+03  4.14223247d+03  2.73447368d+03  1.96148581d+03  1.40700809d+03  1.29486487d+03  1.88169442d+03
-1.42105263d+01  4.21939808d+02  9.28829225d+02  1.96148581d+03  3.22862820d+03  4.14223247d+03  4.50097513d+03  4.89078709d+03  4.69183451d+03  5.31435916d+03  4.14223247d+03  3.81208280d+03  3.09729067d+03  2.85042632d+03  3.09729067d+03  3.65701088d+03  3.97373038d+03  3.22862820d+03  2.51652705d+03  1.52886359d+03  1.19165984d+03
-1.36842105d+01  4.39831747d+02  3.88309805d+02  3.42823149d+02  3.57360225d+02  5.19314994d+02  1.05206867d+03  1.96148581d+03  2.97129582d+03  3.50824714d+03  3.97373038d+03  3.81208280d+03  3.65701088d+03  3.09729067d+03  2.51652705d+03  2.51652705d+03  2.41415712d+03  2.97129582d+03  2.85042632d+03  2.51652705d+03  1.73171713d+03
-1.31578947d+01  5.88219040d+02  5.88219040d+02  4.98189752d+02  4.77923865d+02  4.77923865d+02  4.58482375d+02  4.39831747d+02  4.77923865d+02  7.86668179d+02  1.46667087d+03  2.31595149d+03  2.85042632d+03  2.85042632d+03  2.73447368d+03  2.22174078d+03  1.96148581d+03  1.96148581d+03  1.96148581d+03  2.22174078d+03  2.22174078d+03
-1.26315789d+01  5.88219040d+02  6.39162405d+02  6.94517777d+02  6.39162405d+02  6.39162405d+02  5.64290847d+02  5.19314994d+02  4.98189752d+02  4.98189752d+02  4.98189752d+02  5.88219040d+02  7.23968114d+02  1.14318425d+03  1.66127252d+03  1.96148581d+03  1.88169442d+03  1.88169442d+03  1.59369353d+03  1.52886359d+03  1.59369353d+03
-1.21052632d+01  1.00927151d+03  6.94517777d+02  5.88219040d+02  5.88219040d+02  6.39162405d+02  6.94517777d+02  7.23968114d+02  6.39162405d+02  6.13161884d+02  5.64290847d+02  5.41336030d+02  5.19314994d+02  5.19314994d+02  5.88219040d+02  7.86668179d+02  1.14318425d+03  1.40700809d+03  1.52886359d+03  1.34977233d+03  1.19165984d+03
-1.15789474d+01  1.52886359d+03  1.34977233d+03  1.29486487d+03  1.09668060d+03  8.20026062d+02  6.66265452d+02  6.39162405d+02  6.66265452d+02  6.94517777d+02  6.94517777d+02  6.66265452d+02  6.13161884d+02  6.13161884d+02  5.64290847d+02  5.41336030d+02  5.64290847d+02  6.39162405d+02  8.20026062d+02  1.05206867d+03  1.24219100d+03
-1.10526316d+01  1.43321923d+02  3.88309805d+02  7.86668179d+02  1.05206867d+03  1.09668060d+03  9.68215306d+02  8.91045332d+02  7.54667263d+02  6.39162405d+02  6.66265452d+02  6.94517777d+02  7.23968114d+02  6.66265452d+02  6.94517777d+02  6.13161884d+02  5.64290847d+02  5.19314994d+02  5.88219040d+02  6.39162405d+02  7.86668179d+02
-1.05263158d+01  1.95245558d+01  2.95761666d+01  4.12316259d+01  5.51420574d+01  1.11711065d+02  2.78541416d+02  5.41336030d+02  6.94517777d+02  6.94517777d+02  6.39162405d+02  6.13161884d+02  5.88219040d+02  5.64290847d+02  6.66265452d+02  6.94517777d+02  6.94517777d+02  6.94517777d+02  5.64290847d+02  5.19314994d+02  5.64290847d+02
-1.00000000d+01  2.77259076d+00  4.56371628d+00  6.36219849d+00  1.04722519d+01  1.87303154d+01  3.08303146d+01  3.95543624d+01  6.24584471d+01  1.21385926d+02  2.67210616d+02  4.21939808d+02  4.98189752d+02  4.77923865d+02  4.77923865d+02  4.77923865d+02  5.41336030d+02  6.39162405d+02  6.39162405d+02  6.13161884d+02  5.64290847d+02
