   0.0000000000000000        3.7000000000000002        3.7526315789473688        3.8052631578947369        3.8578947368421055        3.9105263157894736        3.9631578947368422        4.0157894736842108        4.0684210526315789        4.1210526315789480        4.1736842105263161        4.2263157894736842        4.2789473684210524        4.3315789473684214        4.3842105263157896        4.4368421052631577        4.4894736842105267        4.5421052631578949        4.5947368421052630        4.6473684210526320        4.7000000000000002     
  -20.000000000000000        2.6099241938853464       0.62122597866374318        1.8589214860243786        4.4126996049039713        6.3801872550150129        14.212784896868765        44.113505499436897        99.183927814354163        364.86370877447501        670.93479850162180        765.70067844197627        178.11872415181242        242.20029289141570        345.32599419245639        379.48157908168747        692.55371454902240        770.92145867960062        133.06223017850897        28.562423905960149        4.6331225148495205     
  -19.473684210526315        6.9177581940350228       0.76479971115582768        1.8722091868107624        4.8857967351239306        8.0702040523479219        12.854906820837773        44.095674738002650        98.961233668668285        272.77873350538863        679.27948021974737        794.87296751318104        319.39659380784389        226.78376471368307        355.22447301112851        423.52302844280013        613.95680752782732        786.78357118363465        280.17367979000988        44.517566344108779        9.3592469304334198     
  -18.947368421052630        16.076200365562855        1.2689001163808236        1.8950001159293874        5.2392509623330872        9.2392866936777782        12.855602607548814        43.771293621082542        98.917539882175078        221.86484624868282        672.36899769231081        813.03448074211474        562.59319074698362        213.48051671698028        361.13226933902274        458.84652509221394        554.73219616010510        789.91769655877522        492.33602545924856        60.239712605906973        15.123420449209098     
  -18.421052631578949        32.413998504854227        2.9802856978326724        1.9647610537536162        5.4565748915383967        10.399150779597782        14.454295190993271        42.423611881389263        98.965300744518117        206.57286224275850        638.47439741685741        836.58369118697817        787.06132046995538        224.84269652470471        364.67163542711307        480.18084459435147        538.80337450657282        784.77912609172165        654.46561943938286        84.220835489063816        23.615302652043109     
  -17.894736842105264        58.432485919465883        8.1820275285943058        2.1976235143203300        5.5692958959110408        11.948085321926991        17.596385226960788        39.839813308104056        99.148877654500382        202.79594394875812        558.89213489555323        862.82715284409858        904.37525120175246        289.60903130963612        363.17882502152651        496.94997243945920        560.02339244664745        768.25254897256093        728.58722669512110        144.03139661734915        39.304350642091805     
  -17.368421052631579        90.004963066757298        21.618524879790254        2.9854012492497231        5.6594160041199180        13.428897688880948        20.960201233720010        37.938251451482564        99.522249817550716        201.83348434074733        458.37206974577987        876.74120745076675        953.51105681670049        457.62846219943572        354.15229622628351        509.80112202745306        602.50067768011036        741.87490811352870        755.75385199854782        278.37519633590517        60.639551838128952     
  -16.842105263157894        125.66608170343969        49.385070079495549        5.6421947971137474        5.8584612408600565        14.468080936922126        24.014495935751654        38.650663297827982        99.717481093979316        201.69784592539150        399.89633829921337        869.40805618540128        985.29163068973662        723.14097816770607        352.16845749460782        516.07083235385630        639.27783435083199        724.35071004542260        767.78880459559889        466.83928582203299        82.398436253346802     
  -16.315789473684212        182.86599801183880        97.608492211178941        14.113870176874897        6.4934207673056621        15.122083589163916        27.875423351611349        42.553314522349538        98.708358507691258        202.09801635976987        381.07383444774382        828.85962833920917        1022.3639841289657        945.81107566991705        387.64726146394707        517.74281323945945        663.96156386739221        731.34924731874275        780.43873873324674        607.44652108112916        116.44954719577743     
  -15.789473684210527        291.07420020851185        168.70410428697218        37.855643587875157        8.6087822808291072        15.643535451744084        32.213895184875390        48.735378602996732        96.930479714960086        203.39398882193521        376.10923401139178        749.38708828651556        1056.2102568990613        1058.3382512186936        505.22806482819368        516.76503047486153        682.85797871337786        763.90512470914462        803.71323379772025        672.45309120541378        195.01315206642204     
  -15.263157894736842        496.58694994596220        264.29473385666347        92.603998267357696        15.617640245628058        16.658332550188813        35.648450071107305        55.665478754141915        97.587393228830408        206.04427623770977        375.07831118052997        676.57659879077005        1070.4366585121306        1114.9125071346650        738.45446280793135        520.67183536451864        693.40943097438287        805.17624595916379        837.24258725281231        701.80235683272974        338.57599903694211     
  -14.736842105263158        884.78846180689186        424.01855299454104        199.31787797242276        37.947302264196345        19.805675941206641        38.294172761871685        64.558554290953808        103.12027138265205        209.47094011309622        375.93503119015060        645.58659111439590        1059.9824195625774        1166.0218042804356        994.90554991028455        554.57533414578097        695.42687848038759        836.80449094642563        871.90073530036818        730.62732214730443        486.95780239928479     
  -14.210526315789473        1619.1698647657286        727.63992931829534        391.19395819383448        102.63789123078482        30.234068355629525        41.509298329907111        74.958951260515548        113.55720421182491        212.87590669929696        379.45997841032482        637.14881062282120        1025.0843471162841        1218.1458507024972        1153.1265317028431        662.64576403800550        697.45912423269306        859.76626576481738        910.76421132028020        785.31782884414429        573.62841379844258     
  -13.684210526315789        3016.0017784137290        1303.0340836944836        741.73265836419262        266.97167148248934        64.597836432934045        49.472155706636563        84.666519126694922        127.98555674227983        218.60028585914358        387.75049266575218        635.99076614050705        991.16443560066045        1254.4213401972720        1237.8820237990169        877.92512409023493        712.95177318305832        873.00653568139785        952.83995343045376        869.72344357145016        617.90020983614613     
  -13.157894736842106        5671.8564753945466        2381.2630847180094        1435.9146324940216        653.42184230440444        174.27296912514635        75.098074916290614        96.667503187487583        148.44797635461939        230.84858683865002        401.60905024749832        639.27097855665704        980.16872580054644        1276.9588653383107        1311.1968964038219        1120.8006131696782        765.36775654165456        876.80903896232257        986.56088310418772        948.89802251910442        664.28503403428920     
  -12.631578947368421        10677.579857821354        4393.4401468783326        2793.6738835658480        1546.2546643398828        504.20826040680384        160.22640952648771        123.42271523419768        174.96910196274962        252.73341491983123        419.29280469503868        650.19500492383838        980.42543969447797        1302.0770930927038        1386.0238999825274        1282.2971004024378        895.47491836161510        886.56273854176163        1011.3184404491005        1007.9095016191153        750.69759538053677     
  -12.105263157894736        19970.544970729534        8150.4919241219222        5358.6039668885505        3543.3079194390057        1439.5761349519139        440.41384372201929        206.19669877328795        215.82136094422108        289.78137211027575        442.25425238308208        674.99642387598499        985.57444838717356        1337.9426948843397        1452.7510478182444        1390.9747637156220        1112.7081051309847        924.38377480628878        1026.7975292386673        1053.4910787569288        874.79713957518288     
  -11.578947368421053        36924.030876759156        15141.635276829960        10126.030038380828        7676.4203299339661        3964.8646473496033        1338.5104648567840        480.49577511455396        314.36386155218338        355.63180160261822        481.36323900361521        716.68355244427050        1001.1168715323282        1368.9861472567175        1533.6022599889984        1503.5791838088096        1326.6385069237294        1017.6978801612883        1040.8991358441542        1087.9527062294851        980.99524306351054     
  -11.052631578947368        67437.811195089191        28061.451205652716        18928.001403158436        15654.345937017028        10175.830968316903        4099.0522983733354        1390.3928930428226        618.81244485052991        494.49511750093768        562.55961902902823        775.40460267716662        1041.5287492238037        1391.0318167473356        1646.2849135907916        1621.9527103815965        1495.8711867979507        1196.4847075462596        1079.3508299964064        1116.7731787408072        1050.4167712343074     
  -10.526315789473685        121423.67844305343        51742.402537404589        35143.775972026888        30539.187394754379        23622.736302897392        12021.628778895270        4354.6574949685264        1624.6598118990119        876.49684635192716        754.82297367459910        876.78641208931720        1126.3711325187537        1424.0441325948459        1749.8828520075047        1759.3665858750480        1683.3031709125955        1433.5301087795679        1173.3811290431368        1148.6527580277968        1098.6334227627899     
  -10.000000000000000        214554.48194454293        94823.802366458927        64921.709622592949        58009.314234127545        50006.851440292005        32071.817266502028        13620.911907253421        4958.6571517365564        2080.4988089369349        1273.6011857105755        1123.9510314074153        1282.1316879247488        1507.1931800965006        1822.4861968637529        1949.8302327154802        1901.4586164208108        1706.3726629722123        1363.2924385891822        1210.8426474088565        1144.6305609854339     
