   0.0000000000000000        4.0000000000000000        4.0526315789473681        4.1052631578947372        4.1578947368421053        4.2105263157894735        4.2631578947368425        4.3157894736842106        4.3684210526315788        4.4210526315789469        4.4736842105263159        4.5263157894736841        4.5789473684210531        4.6315789473684212        4.6842105263157894        4.7368421052631575        4.7894736842105265        4.8421052631578947        4.8947368421052628        4.9473684210526319        5.0000000000000000     
  -16.000000000000000        84.536660757098829        180.58780961805064        396.33982041572546        758.17023353782292        1691.5978583029455        2453.4839770760505        2686.3992876909820        1274.9122999771337        1220.2674383180120        1651.1616576071490        1879.5686436049034        2091.7584918761822        1842.4133359165585        569.28302733259670        163.06137049708826        32.393230564327816        1.6286811020302272        5.2773986697696729E-002   2.3533761568989386E-003   1.5538689216780747E-004
  -15.526315789473685        96.029538301687296        177.73184317813269        399.27993669513415        754.59203085051661        1494.1867877012326        2454.4384465260823        2770.8506416545565        1849.0171289880625        1222.5796175941771        1672.9929860567995        1976.5884588660488        2130.6041055783076        1898.1895122624455        942.90619316902576        222.63238746994762        58.956736571571604        4.3967782712981816       0.15671153093395618        6.9456142426531989E-003   4.6065902292456333E-004
  -15.052631578947368        108.16499093115719        182.02889477450060        403.31111540786418        754.30128734768869        1374.4394476336586        2431.1048072305803        2822.4077839857623        2459.6619049129454        1285.9543945793000        1678.2647594819866        2049.8839104578869        2181.7092157994980        1952.1565636477728        1313.6460342115292        291.63997819242803        96.247719630092689        10.966218807318320       0.46334032815211068        2.0588600434729157E-002   1.3579500573236559E-003
  -14.578947368421053        122.69195357923601        195.16909159787042        406.40429333095011        756.65629527086548        1330.3103482163276        2362.3652890249564        2863.4730342519742        2852.7506566073625        1492.3928535713387        1679.3520282193074        2104.8667647996754        2256.9512869288887        2047.1992352448506        1541.3551959181750        417.66269541378989        151.88116607306131        25.320540036185854        1.3532101261511249        6.1157140091192108E-002   3.9693373820245560E-003
  -14.105263157894736        136.28515243836517        215.02365407692568        408.99152860185535        763.38954814479962        1317.1538825784253        2244.7866883803617        2893.7075650694014        3044.0971715970477        1929.7813393295062        1694.9002297198531        2142.5159200230351        2354.3804149074185        2201.3687574143069        1655.1909716607242        658.76918763631102        221.26950702486880        52.555773459292432        3.8302493571735887       0.18165904911310110        1.1563444137357279E-002
  -13.631578947368421        145.08905570328753        239.03711342880732        416.86436608612115        777.03391786840871        1314.7822153288309        2141.4730873623062        2911.2409566267033        3148.5288635899797        2530.3830239964805        1759.2197771945355        2156.3781632327041        2442.9847820505984        2369.8688680793780        1739.0906856247186        981.44695554964153        292.36598285567300        94.762343479661268        10.176682825740837       0.53821315867094632        3.3900516163040628E-002
  -13.157894736842106        149.88229188287542        268.43382579583903        435.99886864239346        797.62262782400251        1319.1393421863247        2097.2381490883176        2917.2636777158818        3229.2268518976816        3024.6457563960730        1939.9211497932342        2161.3294395357389        2510.3372245419714        2508.1904928470690        1867.8472609087466        1243.3935783660324        388.85625091879200        154.85337374315779        24.760495538744465        1.5815404673874789       0.10014329992212818     
  -12.684210526315789        152.64017602922596        297.60223346258152        468.09924284734240        822.14073685989865        1333.6567949522537        2086.7022186254367        2919.8889807672153        3299.9489034385560        3310.9097338744209        2321.0322490797839        2191.9432698925580        2559.4101582134658        2625.2336192784715        2091.3313504135740        1396.5390867591509        561.84929881609582        230.87230740777008        54.344312727731335        4.5445496302285555       0.29682262450436903     
  -12.210526315789474        154.63897290187114        318.32448303353482        512.28272800794889        851.00552220397981        1365.9006846814405        2088.6553935260076        2940.8419048838227        3367.5669344434441        3490.6673403959016        2869.1400419246847        2288.5665874444403        2586.8239635323707        2723.0467587135531        2364.7717205871149        1511.0081533765165        810.03917574230945        309.01379382215345        104.22303831893790        12.407073374947958       0.87877730526849840     
  -11.736842105263158        156.68706777565541        331.02312535757289        568.18832175272428        891.53360963231967        1420.4645016490763        2102.1869149264317        2979.0513605844958        3456.7825297926438        3647.6971792574959        3369.9569958479610        2511.0320231004112        2612.5327887635549        2799.5367208795069        2587.1681219902634        1679.1732180685574        1034.8103473738399        402.48188514624087        174.99768449774484        31.040821202314842        2.5818664010912995     
  -11.263157894736842        159.52045463065625        339.38981831310127        624.50385094718285        952.91815626200116        1491.1737508768779        2138.7003094574106        3010.9679788404628        3602.4812482428865        3800.6879306365740        3744.9911765201332        2929.0889143487880        2687.3400150812813        2862.5253994466016        2741.8019120532426        1961.5399954876418        1187.3918306817129        550.53967925141501        259.09398919804806        69.198062627664939        7.4189982941837673     
  -10.789473684210527        164.15413417705554        346.20819825450155        670.29955031046165        1043.1643348233245        1570.9450350878863        2216.7201735372196        3039.0427623832338        3792.3508080495130        3966.7394414627406        4100.0791211238620        3506.2549824701482        2872.2303947249688        2923.2649176044802        2854.6169392731772        2295.9185005053828        1331.0739678553880        744.86028169803899        343.60542398197163        133.45414808118096        20.231911247125733     
  -10.315789473684211        172.36730087669815        353.66478436626710        705.80704659696801        1163.6008329131837        1673.9081474892259        2345.9973082891802        3087.4942432637404        3948.8123075736967        4201.4623710550777        4484.8569045864851        4152.4981140391401        3254.5590467038473        3027.8256116551315        2953.7632428882212        2559.5766090187726        1560.3599907384789        917.13953772038485        444.13644101375274        220.11176540497203        50.179642166718978     
  -9.8421052631578938        187.76181252838447        364.14315383892034        734.32681910415363        1301.9916999911677        1837.2608881447161        2515.6422198415116        3194.7752300894767        4048.3798880646073        4540.4856530346351        4870.3127358098627        4966.5301014836950        3948.1508241405072        3270.2534972405160        3076.2825982448676        2741.2680021796209        1905.3794406154861        1063.8340303154305        584.70460344302978        313.61965359967445        108.66814875969017     
  -9.3684210526315788        218.30317327992580        381.11876638280319        760.00729701119610        1442.7851194582593        2109.7116555724406        2739.1181390294064        3404.1954368257061        4144.5826801021349        4885.2084371899327        5276.9403674097857        6015.5229202427345        5101.6681185231928        3818.6933670165240        3294.2412640251805        2904.1811504876127        2258.3820090804329        1265.3401886969241        739.91831875518255        409.20393155481833        198.82003849910996     
  -8.8947368421052637        282.65072464571585        410.51411826526328        788.50603049935569        1570.0272542686698        2522.0424564472019        3120.3307658761100        3743.0877125362827        4325.1082768757533        5132.6730260850318        5777.4889874226837        7109.7765388800499        7042.0094136503649        5023.2746816551016        3782.6060006514545        3149.3693734693429        2542.7680399246615        1593.3854264439738        889.99030807407212        527.47211867653357        306.41330884444864     
  -8.4210526315789487        423.01116592481765        463.42693433980804        827.53388469347726        1677.9211768616046        3037.0604156329828        3859.0059654603824        4290.8711297217915        4708.5898570565332        5355.2413686320078        6317.2980159443578        8079.6887063440590        9864.6048695792779        7574.6324242594455        4964.9702741052633        3667.9147882365132        2849.4269961416967        2005.3584695640554        1099.0343180142436        670.05214630621379        418.73632403996726     
  -7.9473684210526319        711.30927088761780        561.53698831585882        888.39711438567531        1775.1682780933695        3549.0737370751176        5138.3811561013363        5372.3496822925845        5460.5382779045949        5750.3366483888767        6777.4704024675593        8964.1831577773100        12910.585249261430        12447.481194570968        7848.8214858692972        4921.9193038411586        3428.3262686324542        2451.3678704470308        1461.1212205008333        838.40122630122698        551.06218665714289     
  -7.4736842105263150        1200.6116088541421        746.84601367050482        988.60395546206314        1879.6999625365158        3981.8499102229621        6851.9025273508469        7623.4593948214351        6984.8070732281658        6649.7904803919155        7300.3156078913680        9808.1776136918179        15439.066020735761        19614.963355632673        14398.836700720127        8121.1834878704758        4840.6836066025280        3146.4419963394225        2014.3350110772365        1120.1448491125732        722.22479186229873     
  -7.0000000000000000        1820.5506612698018        1088.0778373641674        1156.1499818724433        2015.0440786049694        4332.1683236429299        8588.1178540092842        11534.451953674818        10367.906720820754        8702.1793653928671        8373.3611481259031        10668.796321488117        17335.431922043619        27091.708285577344        26586.724440060196        16070.806049731538        8501.5269040947805        4777.6639050945996        2899.5008778863048        1676.5212974192284        985.61402074847297     
